seed 2163731680 pop_size 10000 nb_loci 500 nb_dim 1 mut_rate 1e-06 mut_rate_mod 1e-05 mig_rate 0.05 rec_rate 0.001 rec_rate_between_LB 0.01 rec_rate_for_CL 0.1 var_mut 0.05 fit_alt 0.1 epistasis 2 var_pref 0.1 var_cost 0 nb_dmi 50 dmi_e 0.1 dmi_neutral 0 skip_mating_choice 0 initial_pref 1 initial_cost 100 common_origin 0 life_cycle_is_mig_sel 0 opt_one 5 opt_two -5 min_pheno -9.7333 max_pheno 10.1378
0	0.5034	0.562341	1	1	100	0.562341	0	0.562341	1	1	100	0.562341	0	0.4966	0.562341	1	1	100	0.562341	0	0.562341	1	1	100	0.562341	0	1	1
1000	0.4916	0.642806	0.999776	0.999219	100	0.64267	0.555684	0.644205	0.999705	0.999585	100	0.644015	0.573931	0.5137	0.652417	0.999786	0.998973	100	0.652272	-0.625376	0.652569	0.999816	0.999452	100	0.652465	-0.628633	1	1
2000	0.5006	0.813812	0.999802	1	100	0.813665	1.95577	0.813173	0.999859	0.99997	100	0.813062	1.94125	0.5003	0.810302	0.999842	1	100	0.810189	-1.90604	0.812684	0.999881	1	100	0.812597	-1.90274	0.999	1
3000	0.4947	0.866783	0.999697	0.999999	100	0.866532	2.61977	0.867852	0.999548	1	100	0.867489	2.61911	0.5049	0.859501	0.999663	1	100	0.859214	-2.54736	0.860298	0.999532	1	100	0.859912	-2.55899	0.997	1
4000	0.5038	0.875859	0.999591	0.994668	100	0.875513	2.98235	0.875661	0.999586	0.995363	100	0.875294	2.95235	0.5006	0.872318	0.999684	0.994755	100	0.87202	-2.825	0.87595	0.999621	0.994675	100	0.875596	-2.90536	0.999	0.999
5000	0.4998	0.870665	0.999426	0.979664	100	0.870167	3.07479	0.876314	0.99936	0.9779	100	0.87582	3.14257	0.4934	0.874745	0.99968	0.978395	100	0.874464	-3.05124	0.874563	0.999569	0.980474	100	0.874249	-3.06445	0.999	0.999
6000	0.4945	0.868213	0.999721	0.9809	100	0.867955	3.14974	0.868184	0.999744	0.980489	100	0.867993	3.15641	0.4978	0.880292	0.999859	0.980954	100	0.880185	-3.18594	0.882356	0.999802	0.982149	100	0.882181	-3.18931	0.999	1
7000	0.5095	0.872277	0.99971	0.95344	100	0.872051	3.34164	0.873934	0.999619	0.956314	100	0.87361	3.36171	0.4938	0.879442	0.999619	0.956107	100	0.879095	-3.27596	0.87955	0.999609	0.95528	100	0.879213	-3.30547	0.999	1
8000	0.4995	0.87222	0.999668	0.938042	100	0.871961	3.29025	0.87074	0.99982	0.93706	100	0.870601	3.30739	0.4923	0.87587	0.999636	0.935517	100	0.875548	-3.37337	0.881722	0.999608	0.936596	100	0.881384	-3.38062	0.998	1
9000	0.509	0.878022	0.999491	0.874335	100	0.87756	3.415	0.873712	0.999678	0.874843	100	0.873434	3.42802	0.4947	0.876804	0.999626	0.882369	100	0.876462	-3.38836	0.871096	0.999663	0.881886	100	0.870817	-3.35446	0.999	1
10000	0.5	0.876696	0.99976	0.834327	100	0.876504	3.47191	0.867367	0.999737	0.836775	100	0.86714	3.34767	0.4919	0.878705	0.999665	0.834876	100	0.878419	-3.45076	0.879699	0.999638	0.83464	100	0.879396	-3.48721	1	0.999
11000	0.4993	0.87449	0.999511	0.82158	100	0.874093	3.38394	0.867675	0.999531	0.821299	100	0.867296	3.35271	0.5029	0.881037	0.999547	0.820231	100	0.880656	-3.52633	0.88235	0.999623	0.81906	100	0.882042	-3.4436	1	0.999
12000	0.5024	0.878853	0.999568	0.78687	100	0.878487	3.49761	0.88005	0.999679	0.78405	100	0.879777	3.52287	0.4965	0.883103	0.999442	0.783607	100	0.882657	-3.50904	0.883148	0.99932	0.784967	100	0.882556	-3.56716	1	1
13000	0.4941	0.898219	0.999399	0.726237	100	0.897686	3.5968	0.898574	0.999456	0.72642	100	0.898109	3.53784	0.4971	0.887453	0.999678	0.71393	100	0.887179	-3.52613	0.887156	0.999639	0.717479	100	0.886865	-3.54724	1	0.9981
14000	0.4951	0.906412	0.999576	0.518579	100	0.906007	3.65079	0.911015	0.999624	0.522806	100	0.910692	3.7514	0.4969	0.913525	0.999507	0.505154	100	0.913078	-3.48843	0.914487	0.999802	0.507666	100	0.914322	-3.51926	1	1
15000	0.5073	0.91904	0.999803	0.408183	100	0.918867	3.8048	0.914947	0.999858	0.408465	100	0.914817	3.78541	0.5027	0.916445	0.999723	0.407455	100	0.916189	-3.69253	0.91544	0.999699	0.406976	100	0.915163	-3.63791	1	0.999
16000	0.4954	0.918801	0.999641	0.403499	100	0.918513	3.74359	0.924089	0.999337	0.403793	100	0.923483	3.83771	0.4879	0.920527	0.999492	0.400748	100	0.920064	-3.83213	0.920144	0.9992	0.400819	100	0.919449	-3.71593	0.998	0.997
17000	0.4865	0.91578	0.999638	0.376671	100	0.915472	3.68259	0.91747	0.999292	0.377722	100	0.916856	3.68651	0.5007	0.926443	0.999589	0.382575	100	0.926135	-3.80916	0.92163	0.999485	0.381756	100	0.921188	-3.74731	1	1
18000	0.5012	0.935692	0.999802	0.215169	100	0.935517	3.98631	0.934893	0.999706	0.213546	100	0.934613	3.93368	0.4931	0.937732	0.999702	0.208595	100	0.937456	-3.9653	0.938129	0.999743	0.21185	100	0.937896	-3.99225	1	1
19000	0.5042	0.952299	0.999724	0.0433222	100	0.952071	4.10492	0.951346	0.999619	0.0428131	100	0.951002	4.11933	0.5064	0.94827	0.999275	0.0442452	100	0.947647	-4.10038	0.946913	0.999617	0.045098	100	0.946571	-4.02514	0.998	0.999
20000	0.4955	0.956454	0.99974	0.0237332	100	0.956241	4.11372	0.952637	0.999826	0.0243266	100	0.952497	4.0594	0.5002	0.947091	0.9998	0.0244175	100	0.946964	-4.04507	0.950518	0.999742	0.0243651	100	0.950313	-3.96952	0.994	0.999
30000	0.5038	0.951771	0.999422	0.0229186	100	0.951271	3.9449	0.956609	0.999544	0.0229057	100	0.956281	3.99231	0.4962	0.951657	0.999242	0.0227003	100	0.950993	-3.91917	0.947879	0.999209	0.0227196	100	0.947235	-3.9016	0.99	0.987
40000	0.4964	0.949578	0.999222	0.0229839	100	0.94899	3.89616	0.950147	0.999251	0.0228971	100	0.949535	3.92805	0.4991	0.946474	0.999401	0.0233943	100	0.945975	-3.86213	0.952683	0.999509	0.0234026	100	0.952302	-3.94966	0.996	0.997
50000	0.5017	0.950748	0.999436	0.0234711	100	0.950296	4.05021	0.947171	0.999449	0.0233756	100	0.946702	3.90837	0.5111	0.951575	0.999495	0.0237782	100	0.951122	-3.86848	0.953539	0.999253	0.0238697	100	0.952867	-3.9108	1	0.997
60000	0.4815	0.953718	0.999597	0.0227802	100	0.953334	3.9742	0.955183	0.999774	0.0226991	100	0.954986	4.01355	0.5071	0.951582	0.999631	0.0225674	100	0.951228	-3.86045	0.954224	0.999649	0.0225603	100	0.953969	-3.88715	1	0.998
70000	0.4956	0.94859	0.999526	0.0225646	100	0.948201	3.90874	0.949177	0.999727	0.0225685	100	0.948941	3.87732	0.506	0.95338	0.999391	0.0226481	100	0.952848	-4.02158	0.947166	0.999467	0.0226494	100	0.946768	-3.89337	0.998	0.9971
80000	0.4968	0.952571	0.999781	0.0226706	100	0.952376	3.91105	0.949259	0.999781	0.0226685	100	0.949094	3.83215	0.4971	0.952489	0.999743	0.0225542	100	0.952264	-3.93946	0.951648	0.999825	0.0225303	100	0.95149	-3.84977	0.998	0.998
90000	0.5044	0.949743	0.999492	0.0234895	100	0.949296	3.95054	0.953603	0.999468	0.02352	100	0.953177	3.94867	0.5042	0.950673	0.999036	0.0227736	100	0.949767	-4.00672	0.956016	0.999075	0.0227537	100	0.955194	-4.03494	0.997	0.997
100000	0.5041	0.948614	0.99924	0.0219802	100	0.947982	3.95986	0.948486	0.999501	0.0219915	100	0.948074	3.90122	0.5003	0.954522	0.999448	0.0222903	100	0.954076	-4.00992	0.952236	0.999395	0.0221417	100	0.951703	-3.93566	0.998	0.993
110000	0.497	0.947244	0.999529	0.0228688	100	0.946854	3.87632	0.946886	0.999608	0.0228159	100	0.94653	3.8782	0.5084	0.948798	0.999668	0.0232063	100	0.948563	-3.87215	0.945385	0.999682	0.0231917	100	0.945132	-3.85268	0.994	0.999
120000	0.5043	0.951254	0.999667	0.0232783	100	0.950955	3.93299	0.955758	0.999526	0.0232745	100	0.955328	3.9704	0.4985	0.951742	0.999661	0.0236477	100	0.951437	-3.92082	0.951163	0.999687	0.023567	100	0.950852	-3.94758	0.999	1
130000	0.5006	0.952073	0.999445	0.0235968	100	0.951617	3.87854	0.948599	0.999535	0.0235761	100	0.948237	3.8053	0.4938	0.953773	0.999621	0.0250041	100	0.953446	-3.9864	0.949893	0.999513	0.0254862	100	0.949517	-3.88609	0.998	0.998
140000	0.4978	0.950637	0.999315	0.022698	100	0.950037	3.9109	0.956106	0.999335	0.0226981	100	0.955513	3.99904	0.5057	0.95368	0.999306	0.0226756	100	0.953081	-3.98709	0.952851	0.999648	0.0226911	100	0.952538	-3.9544	0.994	0.997
150000	0.5004	0.957957	0.999191	0.0227831	100	0.957279	3.98142	0.956969	0.999254	0.0227544	100	0.956405	4.00941	0.504	0.951529	0.999087	0.0226728	100	0.950809	-3.95771	0.950738	0.998667	0.0226828	100	0.949698	-3.89516	0.994	0.993
160000	0.4995	0.947079	0.999267	0.0229809	100	0.946512	3.89943	0.94781	0.999205	0.023051	100	0.94714	3.91322	0.5095	0.949871	0.999217	0.022763	100	0.949209	-3.91172	0.951105	0.999059	0.0227732	100	0.950332	-4.03014	0.992	0.992
170000	0.5034	0.952812	0.999378	0.0227003	100	0.952237	3.8895	0.950816	0.99945	0.0227269	100	0.950336	3.92176	0.5113	0.947983	0.999654	0.0226981	100	0.947725	-3.84043	0.951164	0.999561	0.0227003	100	0.950738	-3.89249	0.997	1
180000	0.5047	0.950608	0.99919	0.023029	100	0.949918	3.87806	0.950357	0.999309	0.0228357	100	0.94979	3.89678	0.4984	0.954471	0.999276	0.0232068	100	0.953856	-3.93368	0.955716	0.999115	0.0233172	100	0.954909	-3.94721	0.998	0.995
190000	0.5051	0.959994	0.999452	0.0229788	100	0.959536	4.0607	0.957537	0.99952	0.0227724	100	0.957117	4.03314	0.4952	0.95285	0.999384	0.0232752	100	0.952371	-3.88997	0.956857	0.999253	0.0230658	100	0.956223	-3.99418	0.994	0.9911
200000	0.4933	0.94773	0.999485	0.0228577	100	0.947268	3.89586	0.951471	0.999188	0.0228668	100	0.950811	3.93599	0.5023	0.95127	0.998778	0.0227269	100	0.95013	-3.96459	0.952014	0.99899	0.0227182	100	0.951112	-3.9838	0.995	0.999
210000	0.4956	0.949983	0.999528	0.0228507	100	0.949549	3.86013	0.94578	0.999317	0.0228648	100	0.945223	3.79594	0.4912	0.953113	0.999273	0.0227458	100	0.952439	-3.90329	0.953121	0.999483	0.0227223	100	0.952691	-3.90944	0.997	0.996
220000	0.4982	0.947088	0.999685	0.0227217	100	0.946837	3.94972	0.948003	0.999749	0.0226958	100	0.947759	3.96092	0.491	0.946592	0.99964	0.0226982	100	0.946275	-3.8721	0.949485	0.999733	0.0227437	100	0.949227	-3.9238	0.997	0.998
230000	0.4931	0.948516	0.999578	0.0227003	100	0.948146	3.94273	0.947237	0.999667	0.0226981	100	0.946934	3.88153	0.4974	0.954196	0.999544	0.0226912	100	0.953803	-3.9967	0.954026	0.999632	0.0226797	100	0.95369	-3.96516	0.9951	0.999
240000	0.5018	0.943848	0.998643	0.0227836	100	0.94259	3.7721	0.94544	0.999095	0.0227189	100	0.944588	3.80368	0.504	0.950571	0.999456	0.0228942	100	0.950089	-3.89852	0.951177	0.99945	0.0228999	100	0.950671	-3.89277	0.997	0.996
250000	0.4996	0.952774	0.999862	0.0227003	100	0.952654	3.92908	0.947569	0.999668	0.0227003	100	0.947274	3.90127	0.4935	0.948512	0.999418	0.022698	100	0.94799	-3.9237	0.949468	0.999391	0.0227003	100	0.948907	-3.95205	1	1
260000	0.4942	0.950301	0.999644	0.0227575	100	0.949987	3.87632	0.95305	0.999602	0.0227283	100	0.952652	3.93639	0.5024	0.946884	0.99957	0.0227003	100	0.946503	-3.85866	0.949318	0.999572	0.0227003	100	0.94896	-3.91182	0.998	1
270000	0.5065	0.946107	0.999117	0.0232973	100	0.945378	3.8487	0.949417	0.998992	0.0232962	100	0.948619	3.91182	0.5074	0.948447	0.998908	0.0231982	100	0.947625	-3.84984	0.943363	0.999157	0.0232515	100	0.942717	-3.81631	0.993	0.996
280000	0.5	0.952396	0.999588	0.0227003	100	0.952027	3.85443	0.955639	0.99943	0.022725	100	0.955139	3.93899	0.4986	0.95182	0.999471	0.022719	100	0.951303	-3.89171	0.94643	0.999591	0.0226958	100	0.946057	-3.85478	0.9961	0.999
290000	0.5116	0.946008	0.999656	0.0238225	100	0.945714	3.87041	0.940988	0.999622	0.0238087	100	0.940679	3.84431	0.492	0.952619	0.999801	0.0227708	100	0.952451	-3.96486	0.95709	0.999728	0.0228672	100	0.956854	-3.98777	0.999	1
300000	0.4983	0.948578	0.999647	0.0226388	100	0.948266	3.87447	0.946953	0.999705	0.0226483	100	0.9467	3.91196	0.5023	0.944024	0.99961	0.0227156	100	0.94372	-3.86874	0.953137	0.999467	0.0227134	100	0.952734	-3.96011	0.998	0.997
310000	0.4994	0.955367	0.999373	0.0227262	100	0.954849	4.0156	0.950623	0.99944	0.0227416	100	0.950164	3.96304	0.5035	0.946103	0.999362	0.0229527	100	0.945545	-3.86487	0.94803	0.999723	0.0229254	100	0.947766	-3.87457	0.997	0.998
320000	0.4949	0.94714	0.999139	0.0226687	100	0.946334	3.87826	0.94093	0.999615	0.022672	100	0.940577	3.80831	0.5024	0.951629	0.999435	0.0224303	100	0.951165	-3.92523	0.948416	0.999194	0.0224304	100	0.947689	-3.86438	0.999	0.999
330000	0.5008	0.94945	0.999493	0.0227862	100	0.9491	4.01311	0.953824	0.99918	0.0227635	100	0.95319	3.92878	0.5082	0.955426	0.998969	0.0226601	100	0.954501	-3.92402	0.949975	0.999068	0.0227022	100	0.949162	-3.88974	0.994	0.995
340000	0.4951	0.950867	0.999388	0.0238878	100	0.950344	3.96683	0.94847	0.999421	0.023892	100	0.947953	3.94555	0.497	0.954565	0.999368	0.0229728	100	0.954021	-3.95501	0.952949	0.999157	0.0231291	100	0.952225	-3.97824	0.998	0.997
350000	0.4965	0.946966	0.999464	0.0233629	100	0.946482	3.91471	0.949922	0.999652	0.0232315	100	0.949608	3.88669	0.4998	0.956806	0.99958	0.0230161	100	0.956427	-3.92718	0.95389	0.999805	0.0229345	100	0.953722	-3.87788	0.999	1
360000	0.4996	0.949628	0.999001	0.022698	100	0.948715	3.88998	0.945212	0.99894	0.0227003	100	0.944267	3.88537	0.4895	0.950362	0.999207	0.0226864	100	0.949623	-3.8925	0.951561	0.999056	0.0226935	100	0.950655	-3.92305	0.996	0.996
370000	0.5079	0.946492	0.999461	0.0230598	100	0.946039	3.77735	0.94495	0.999643	0.0232358	100	0.944643	3.787	0.5001	0.952941	0.999476	0.022728	100	0.952454	-3.93664	0.954732	0.999646	0.0227976	100	0.954471	-3.9328	0.997	0.998
380000	0.5	0.954007	0.999532	0.0227003	100	0.953593	3.95035	0.95337	0.999384	0.0227003	100	0.952861	3.87511	0.5006	0.945672	0.999391	0.0226958	100	0.945157	-3.83811	0.944148	0.99951	0.0227338	100	0.943749	-3.78928	0.9941	0.992
390000	0.496	0.949959	0.999409	0.0227768	100	0.949393	3.93708	0.950606	0.999573	0.022823	100	0.950227	3.90642	0.5059	0.954094	0.999356	0.0232251	100	0.953487	-3.96549	0.951956	0.999297	0.0229667	100	0.951338	-3.9246	0.996	0.9961
400000	0.4971	0.95022	0.999686	0.0227003	100	0.949945	3.91618	0.954241	0.99967	0.0226935	100	0.953917	3.94907	0.505	0.952886	0.999539	0.0226981	100	0.95244	-3.92407	0.953835	0.99957	0.0227003	100	0.953432	-3.9588	0.997	0.9951
410000	0.4972	0.947934	0.999879	0.0226478	100	0.947813	3.85697	0.949788	0.999885	0.0225858	100	0.949691	3.87521	0.4978	0.953272	0.999703	0.022676	100	0.952987	-3.99947	0.955794	0.999493	0.0226935	100	0.955306	-4.01209	0.999	1
420000	0.49	0.947655	0.999657	0.0227272	100	0.94736	3.87571	0.950435	0.999533	0.0227326	100	0.950082	3.93052	0.4985	0.951891	0.99948	0.0228784	100	0.95147	-3.96146	0.947569	0.999278	0.0228418	100	0.94692	-3.89713	0.993	0.9912
430000	0.5009	0.954724	0.999437	0.022698	100	0.954215	4.00194	0.954454	0.999545	0.022698	100	0.954071	3.91594	0.4996	0.952744	0.999512	0.0226708	100	0.952303	-3.91835	0.950128	0.999574	0.0226529	100	0.949722	-3.91674	0.999	1
440000	0.5003	0.953974	0.999348	0.0227061	100	0.953444	3.93872	0.952172	0.999331	0.0226594	100	0.951649	3.96686	0.5004	0.955141	0.999612	0.0226822	100	0.954846	-3.99795	0.946372	0.999392	0.0226685	100	0.945895	-3.91433	0.995	0.998
450000	0.4927	0.948554	0.999716	0.0231115	100	0.948301	3.89224	0.95416	0.999687	0.0230285	100	0.953892	4.02728	0.502	0.952801	0.9994	0.0225589	100	0.952286	-3.91643	0.953885	0.999498	0.0225742	100	0.953428	-3.89756	0.998	0.997
460000	0.4954	0.954265	0.999604	0.0227138	100	0.953988	3.9356	0.951391	0.99954	0.0227317	100	0.950997	3.89863	0.4966	0.944854	0.999291	0.0227637	100	0.944239	-3.82978	0.947615	0.999531	0.0227003	100	0.947274	-3.8297	0.9941	0.999
470000	0.5064	0.948935	0.998649	0.0264415	100	0.947773	3.80758	0.947705	0.998847	0.0261001	100	0.946709	3.8576	0.4902	0.95623	0.99888	0.0249065	100	0.955313	-4.02106	0.954491	0.999015	0.0248368	100	0.953718	-4.02791	0.9911	0.9922
480000	0.5019	0.950178	0.999526	0.0227321	100	0.949766	3.97399	0.95093	0.999208	0.0227047	100	0.950285	3.94467	0.4989	0.955306	0.999429	0.0227003	100	0.95479	-3.93037	0.951855	0.999662	0.0226868	100	0.951571	-4.00951	0.993	0.994
490000	0.4956	0.947538	0.999183	0.0237159	100	0.94681	3.82459	0.953082	0.999525	0.0237395	100	0.952686	3.94198	0.4951	0.948726	0.999586	0.023686	100	0.948332	-3.88045	0.952524	0.99961	0.0236846	100	0.952187	-3.9451	0.999	0.995
500000	0.5021	0.951322	0.999649	0.0227666	100	0.951028	3.85457	0.951464	0.999884	0.0227668	100	0.951366	3.92519	0.5005	0.952658	0.999702	0.0226021	100	0.95241	-3.90515	0.949609	0.999759	0.0226081	100	0.949433	-3.86669	0.997	0.9971
